0.4090909091 0 1 1 0.1666666667 0 0.2794117647 0.04873853211 0.09515818568 0.07901907357 0.3245109321 0.2985546522 0.0686695279 0.5 0
0.5 0 1 1 0.1666666667 0 0.3823529412 0.6083715596 0.1427866344 0.05177111717 0.04986574607 0.09665763324 0 0.5 0
0.7272727273 0 1 0 0.8333333333 0 0.3382352941 0.1490825688 0.1733379399 0.07356948229 0.1273494438 0.1020776874 0.008583690987 0.1 0
0.4545454545 0 0 1 0 0 0.2352941176 0.1777522936 0.1458467006 0.1689373297 0.1338703491 0.2195121951 0.1330472103 0 1
0.4545454545 0 0 1 0 0 0.5441176471 0 0.3996347663 0.07084468665 0.308784043 0.1327913279 0.30472103 0.1 0
0.4545454545 0 1 1 0.3333333333 1 0.4852941176 0.620412844 0.08780415577 0.05177111717 0.09244342156 0.1517615176 0.2231759657 0.5 1
0.3636363636 1 1 1 0.3333333333 0 0.3823529412 0.03268348624 0.1350377573 0.1335149864 0.1285001918 0.3084914182 0.1030042918 0.3 0
0.5909090909 0 1 0 0.1666666667 0 0.5 0.2952981651 1 1 0.08055235903 0.1002710027 0.008583690987 0.2 0
0.5909090909 0 1 1 0 0 0 0.2190366972 0.2165243571 0.08719346049 0.1143076333 0.2976513098 0.08154506438 0.4 1
0.1818181818 0 0 0 0 0 0.6176470588 0.1783256881 0.1662306895 0.2942779292 0.2523973916 0.5632339657 0.1459227468 0.1 1
0.9090909091 0 1 1 0.3333333333 0 0.3970588235 0.3400229358 0.162331573 0.1335149864 0.1327196011 0.1860885276 0.03004291845 0.1 1
0.3181818182 0 0 1 0.5 1 0.3676470588 0.1588302752 0.2898672326 0.204359673 0.170310702 0.1359530262 0.004291845494 0.3 1
0.2272727273 0 0 1 0 0 0.6617647059 0.565940367 0.1025615715 0.1771117166 0.1392405063 0.2520325203 0.03004291845 0 1
0 0 0 0 0.3333333333 0 0.4558823529 0.4839449541 0.1755589556 0.10626703 0.1158419639 0.6138211382 0.09871244635 0.1 1
0.5909090909 1 1 1 0.3333333333 1 0.8970588235 0.4266055046 0.2131187997 0.1634877384 0.09742999616 0.103432701 0 0.3 1
0.4545454545 0 0 1 0 0 0.2647058824 0.1433486239 0.2148956123 0.1089918256 0.2163406214 0.2777777778 0.09012875536 0.1 1
0.4545454545 0 1 1 0.1666666667 0 0.4558823529 0.3950688073 0.1017225211 0.2070844687 0.2646720368 0.1138211382 0.06008583691 0.1 1
0.5 0 1 1 0 1 0.25 0.2643348624 0.1663787572 0.136239782 0.6789413119 0.221770551 0.07296137339 0 1
0.4545454545 0 0 1 0.3333333333 0 0.5294117647 0.1823394495 0.3896648734 0.08174386921 0.1971614883 0.1991869919 0.1330472103 0.6 1
0.4090909091 0 0 1 0 0 0.3382352941 0.05848623853 0.4314693253 0.3160762943 0.111238972 0.01851851852 0.1115879828 0.3 1
0.4545454545 0 0 1 0 0 0.7794117647 0.2861238532 0.05409407236 0.1198910082 1 0.2317073171 0.07939914163 0.3 1
0.6818181818 1 0 1 0.3333333333 0 0.2058823529 0.2660550459 0.1711169241 0.1280653951 0.2324510932 0.1991869919 0.4506437768 0.7 0
0.4090909091 0 0 1 0.1666666667 0 0.3676470588 0.1766055046 0.2010759587 0.1471389646 0.2692750288 0.1020776874 0.05579399142 0.2 0
0.3181818182 0 0 1 0 0 0.3823529412 0.1926605505 0.2168698485 0.1662125341 0.2550824703 0.2976513098 0.2317596567 0.1 0
0.2272727273 0 1 0 0.1666666667 1 0.1911764706 0.2310779817 0.2548738957 0.07084468665 0.3049482163 0.07136404697 0.03862660944 0.2 0
0.5909090909 0 0 1 0.1666666667 1 0.3382352941 0.3979357798 0.1434776171 0.2534059946 0.2132719601 0.3527551942 0.09442060086 0.2 1
0.5 0 0 1 0 0 0.6029411765 0.3222477064 0.09293716993 0.10626703 0.334867664 0.1508581752 0.05579399142 0.3 1
0.3181818182 0 0 1 0 0 0.8529411765 0.120412844 0.1521642565 0.07084468665 0.2865362486 0.1567299006 0.06008583691 0.4 0
0.5454545455 0 0 0 0.5 1 0.6029411765 0.434059633 0.1110507872 0.1634877384 0.2324510932 0.5153568202 0.03433476395 0.4 0
0.4090909091 0 0 1 0 0 0.9264705882 0.443233945 0.1258575589 0.1416893733 0.1910241657 0.06594399277 0.05150214592 0.2 1
0.1818181818 0 0 1 0.5 1 0.4852941176 0.6083715596 0.1928828784 0.08174386921 0.09742999616 0.08310749774 0.03004291845 0.1 1
0.4545454545 0 1 1 0.3333333333 0 0.1323529412 0.2809633028 0.1754602438 0.1198910082 0.1772151899 0.1928635953 0.0643776824 0.5 0
0.4545454545 0 0 1 0.5 0 0.2205882353 0.3365825688 0.2076896501 0.1525885559 0.1062523974 0.04019873532 0.30472103 0.5 1
0.4545454545 0 0 0 0 0 0.5735294118 0.3354357798 0.1900695918 0.1226158038 0.02800153433 0.6562782294 0.08154506438 0 1
0.5 0 1 1 0.5 1 0.3823529412 0.2597477064 0.1399733478 0.2316076294 0.246260069 0.1151761518 0.7424892704 0 1
0.5454545455 0 0 1 0.6666666667 0 0.2794117647 0.08199541284 0.1014263857 0.1825613079 0.2401227465 0.1065943993 0.07296137339 0.2 0
0.9090909091 0 0 1 0.3333333333 0 0.8676470588 0.3612385321 0.07916687232 0.1961852861 0.3448408132 0.02213188799 0.01716738197 0.3 0
0.5 0 0 0 0.1666666667 0 0.4117647059 0.4724770642 0.1444153793 0.2561307902 0.08131952436 0.256097561 0.1244635193 0.1 1
0.2727272727 0 0 1 0.1666666667 0 0.3970588235 0.443233945 0.136222299 0.07629427793 0.1749136939 0.27100271 0.07296137339 0.1 1
0.5909090909 0 0 1 0.1666666667 0 0.3529411765 0.3176605505 0.1106065841 0.1253405995 0.1641733794 0.1720867209 0.1158798283 0.2 1
0.5909090909 0 1 1 0.5 0 0.1911764706 0.1433486239 0.1984600958 0.1825613079 0.330264672 0.08175248419 0.1759656652 0.5 0
0.5454545455 0 1 0 0.3333333333 0 0.3088235294 0.8027522936 0.2042840926 0.1525885559 0.1120061373 0.2845528455 0.1287553648 0.3 0
0.9545454545 0 1 1 0 0 0.4852941176 0.1123853211 0.1579388974 0.10626703 0.248561565 0.08175248419 0 0.7 0
0.9545454545 0 1 1 0.3333333333 0 0.7352941176 0.2620412844 0.1944622674 0.09536784741 0.1902570004 0.1887985547 0.4806866953 0.3 1
0.5 0 0 1 0 0 0.25 0.1582568807 0.08375697152 0.10626703 0.3206751055 0.216802168 0.04291845494 0.1 1
0.5 0 0 1 0.1666666667 0 0.4264705882 0.372706422 0.09362815261 0.05722070845 0.1024165708 0.07859078591 0.05150214592 0.4 1
1 0 1 1 0.3333333333 1 0.4264705882 0.6043577982 0.09584916835 0.04904632153 0.2178749521 0.1350496838 0.1716738197 1 0
0.6818181818 0 0 1 0.1666666667 0 0.4117647059 0.1358944954 0.1281772864 0.09809264305 0.107786728 0.108401084 0.1030042918 0.6 0
0.6363636364 0 0 1 0.3333333333 0 0.7941176471 0.4071100917 0.08326341247 0.09809264305 0.1449942463 0.07497741644 0.05150214592 0.5 0
0.5 0 0 0 0 0 0.6911764706 0.4868119266 0.1831597651 0.1825613079 0 0 0.0643776824 0 0
0.1818181818 0 0 1 0 0 0.2647058824 0.1077981651 0.3323133113 0.2615803815 0.1377061757 0.05826558266 0.08154506438 0 0
0.5909090909 0 1 1 0.1666666667 0 0.6764705882 0.3268348624 0.08030205814 0.2125340599 0.1557345608 0.1531165312 0.1416309013 0.6 0
0.4090909091 0 0 1 0.1666666667 0 0.4852941176 0.1072247706 0.1864666107 0.1798365123 0.1894898351 0.2222222222 0.07296137339 0.3 0
0.6363636364 0 0 1 0 0 0.4117647059 0.185206422 0.05749962983 0.1825613079 0.4169543537 0.1978319783 0.09871244635 0 1
0.7272727273 0 0 0 0.1666666667 0 0.8088235294 0.1708715596 0.06707467548 0.08991825613 0.2075182202 0.1757000903 0.04291845494 0 0
0.5 0 0 1 0 0 0.2941176471 0.0745412844 0.2701248704 0.0408719346 0.2604526275 0.251129178 0.02575107296 0.1 1
0.3636363636 0 0 1 0.1666666667 1 0.3088235294 0.1748853211 0.1515226297 0.1662125341 0.1300345224 0.1585365854 0.3776824034 0 0
0.6818181818 0 1 1 0.1666666667 1 0.4264705882 0.2368119266 0.2209663886 0.1307901907 0.05753739931 0.09123757904 0.004291845494 0.2 1
0.3181818182 0 1 1 0.8333333333 0 0.2941176471 0.4243119266 0.09259167859 0.3433242507 0.09474491753 0.06142728094 0.1201716738 0.4 1
0.8636363636 1 0 1 0.5 1 0.9558823529 0.1588302752 0.1156902423 0.1253405995 0.1994629843 0.2691960253 0 0.4 0
0.6363636364 0 1 1 0.5 0 0.4264705882 0.1777522936 0.1761512265 0.1389645777 0.1630226314 0.1707317073 0.08583690987 0 0
0.5454545455 0 0 1 0 0 0.3529411765 0.01490825688 0.2374019051 0.07084468665 0.1833525125 0.2276422764 0.07725321888 0.3 0
0.8181818182 0 1 0 0.5 0 0.05882352941 0.496559633 0.1149005479 0.1144414169 0.1791331032 0.1020776874 0.03004291845 0.4 0
0.7272727273 0 1 0 0.3333333333 0 0.6470588235 0.5991972477 0.2403139036 0.07356948229 0.1986958189 0.1246612466 0.0686695279 0.1 1
0.7727272727 0 0 1 0.1666666667 1 0.3382352941 0.439793578 0.006959182666 0.1335149864 0.3160721135 0.07904245709 0 0.5 0
0.3636363636 0 0 1 0.3333333333 0 0.2352941176 0.05160550459 0.2246187256 0.09264305177 0.2715765247 0.2542908762 0.1330472103 0.1 1
0.4090909091 0 0 1 0 1 0.4264705882 0.5338302752 0.09737920142 0.1634877384 0.06751054852 0.1775067751 0.1072961373 0.4 1
0.5 0 0 1 0.3333333333 0 0.6323529412 0.05848623853 0.0572528503 0.1852861035 0.2278481013 0.3536585366 0.3433476395 0.3 0
0.7727272727 0 0 1 0.3333333333 1 0.3235294118 1 0.2201273382 0.5258855586 0.1783659379 0.2213188799 0.7081545064 0.1 1
0.6363636364 0 1 1 0 0 0.1911764706 0.3176605505 0.1355313163 0.06267029973 0.1868047564 0.07904245709 0.02575107296 0.1 1
0.04545454545 0 0 0 0 0 0.6323529412 0.442087156 0.1159370219 0.2016348774 0.1300345224 0.3676603433 0.07725321888 0.1 0
0.7727272727 0 1 1 0.1666666667 0 0.3676470588 0.1714449541 0.09273974631 0.1444141689 0.1676256233 0.1242095754 0.1072961373 0.4 1
0.8181818182 0 1 1 0 1 0.6323529412 0.1605504587 0.07892009279 0.02179836512 0.275795934 0.4205058717 0.03004291845 0.4 0
0.1818181818 0 0 0 0 0 0.4558823529 0.5481651376 0.2131187997 0.1117166213 0.08860759494 0.3017163505 0.08154506438 0.2 0
0.3636363636 0 0 1 0.1666666667 0 0.3088235294 0.4266055046 0.2636098909 0.1471389646 0.2297660146 0.08130081301 0.05150214592 0 0
0.6818181818 0 0 1 0 0 0.7941176471 0.2241972477 0.1025122156 0.07356948229 0.3463751438 0.1364046974 0.03862660944 0.3 1
0.4090909091 0 0 1 0.3333333333 0 0.5 0.4403669725 0.08276985341 0.1471389646 0.1649405447 0.05420054201 0.09012875536 0.1 1
0.5909090909 0 0 1 0.1666666667 0 0.4411764706 0.05848623853 0.184245595 0.07084468665 0.1752972766 0.07542908762 0.1459227468 0.5 1
0.5454545455 0 1 1 0 0 0.4117647059 0.2339449541 0.07240511327 0.280653951 0.6647487534 0.1743450768 0.1287553648 0.7 0
0.9090909091 0 0 0 0.1666666667 1 0.3382352941 0.5837155963 0.4273727852 0.3623978202 0.1116225547 0.320234869 0 0.2 0
0.4090909091 0 0 1 0.1666666667 0 0.3676470588 0.4673165138 0.1789151572 0.1880108992 0.1250479478 0.04290876242 0.1287553648 0.4 1
0.3181818182 0 0 1 0.6666666667 1 0.2647058824 0.3004587156 0.1489067667 0.1035422343 0.1733793633 0.157633243 0.1330472103 0.2 0
0.2727272727 1 0 1 0.1666666667 0 0.5 0.8325688073 0.06959182666 0.1934604905 0.1914077484 0.02258355917 0.0643776824 0.3 1
0.6363636364 0 0 1 0.3333333333 0 0.7352941176 0.4071100917 0.08326341247 0.09809264305 0.1449942463 0.07497741644 1 0.5 1
0.5 0 0 1 0.1666666667 0 0.6176470588 0.01949541284 0.1677607226 0.10626703 0.2451093211 0.4295392954 0.1759656652 0 0
0.8636363636 1 1 1 0.3333333333 0 0.3235294118 0.2832568807 0.3922807364 0.136239782 0.2059838895 0.05465221319 0 0.4 0
0.3636363636 0 1 1 0 0 0.3529411765 0.4724770642 0.09486205024 0.07084468665 0.1495972382 0.1540198735 0.08583690987 0.2 1
0.2272727273 0 0 0 0.1666666667 0 0.5588235294 0.3176605505 0.5653718967 0.1607629428 0.1875719217 1 0.1287553648 0.1 1
0.4090909091 0 0 1 0.1666666667 1 0.4852941176 0.3038990826 0.1217610187 0.1307901907 0.1687763713 0.07768744354 0.1459227468 0.7 1
0.5 0 0 1 0 0 0.4411764706 0.2580275229 0.1269927447 0.1335149864 0.1779823552 0.06684733514 0.03862660944 0.4 0
0.3636363636 0 1 1 0 0 0.3088235294 0.3956422018 0.1241301022 0.1035422343 0.1637897967 0.02755194219 0.1201716738 0.2 0
0.5909090909 0 1 1 0.3333333333 1 0.3382352941 0.3056192661 0.1436256848 0.2234332425 0.06060606061 0.07994579946 0.3090128755 0.4 1
0.9545454545 1 1 1 0.1666666667 0 0.3676470588 0.2735091743 0.2349834658 0.04359673025 0.2470272344 0.09304426378 0.1931330472 0.2 0
0.4090909091 1 1 1 0.5 1 0.5294117647 0.5699541284 0.1381965352 0.2343324251 0.1806674338 0.1093044264 0.09012875536 0.1 1
0.4090909091 0 1 1 0 0 0.2352941176 0.1347477064 0.1524603919 0.1416893733 0.2451093211 0.2285456188 0.1030042918 0 0
0.7727272727 0 0 1 0.1666666667 0 0.4411764706 0.560206422 0.0898771038 0.2098092643 0.09474491753 0.07723577236 0.0643776824 0 1
0.09090909091 0 1 0 0.1666666667 0 0.07352941176 0.1766055046 0.1334583683 0.3869209809 0.2293824319 0.5731707317 0.1459227468 0.2 0
0.3181818182 0 0 1 0.1666666667 0 0.2205882353 0.3463302752 0.1591234391 0.174386921 0.1799002685 0.1047877145 0.05150214592 0 1
0.4090909091 0 0 1 0.3333333333 0 0.1176470588 0.1737385321 0.2695325996 0.04632152589 0.2052167242 0.11833785 0.09871244635 0.2 0
0.4090909091 0 0 1 0.1666666667 0 0.5147058824 0.2133027523 0.1800009871 0.07901907357 0.08860759494 0.05058717254 0.03433476395 0.2 1
0.6363636364 0 0 0 0.6666666667 1 0.7794117647 0.2723623853 0.173782143 0.1553133515 0.1311852704 0.1350496838 0.05579399142 0.6 1
0.5454545455 0 0 1 1 1 0.6029411765 0.09747706422 0.1634667588 0.1471389646 0.2466436517 0.2420957543 0.08154506438 0.2 1
0.5909090909 0 1 0 0.3333333333 0 0.5294117647 0.2161697248 0.1251665762 0.1335149864 0.09244342156 0.07407407407 0.07296137339 0.9 1
0.7272727273 0 1 1 0.1666666667 1 0.2205882353 0.5699541284 0.06381718573 0.1907356948 0.1933256617 0.1761517615 0.03862660944 0.9 1
0.3181818182 0 1 1 0.1666666667 0 0.2352941176 0.2133027523 0.1011302502 0.1253405995 0.1024165708 0.1201445348 0.0686695279 0.1 1
0.5454545455 0 0 1 0.8333333333 1 0.5441176471 0.09747706422 0.1634667588 0.1471389646 0.2466436517 0.2420957543 0.1373390558 0.2 0
0.3636363636 0 0 0 0.3333333333 0 0.4852941176 0.03268348624 0.2877449287 0.1253405995 0.1649405447 0.2624209575 0.1030042918 0.8 0
0.5 0 1 1 0.1666666667 0 0.4852941176 0.5923165138 0.07951236365 0.1471389646 0.1515151515 0.05916892502 0.0643776824 0.1 1
0.5909090909 0 1 1 0.5 0 0.2794117647 0.3405963303 0.414935097 0.136239782 0.1185270426 0.09078590786 0.8583690987 0.7 1
0.7727272727 0 0 1 0.1666666667 1 0.5735294118 0.5338302752 0.1638122501 0.280653951 0.1215957039 0.03839205059 0.05579399142 0 0
0.7272727273 1 0 1 0 0 0.4411764706 0.5699541284 0.1240313904 0.06811989101 0.1910241657 0.02800361337 0.0643776824 0 0
0.6818181818 0 1 0 0.6666666667 0 0.1029411765 0.4220183486 0.1364690785 0.05449591281 0.06559263521 0.1115627823 0.03862660944 0.4 1
0.6363636364 1 1 1 0.3333333333 0 0.6323529412 0.5722477064 1 0.06811989101 0.02454929037 0.1485998193 0.04721030043 0.2 0
0.4090909091 1 0 1 0.6666666667 1 0.8382352941 0.3950688073 0.03884309758 0.1280653951 0.1001150748 0.09078590786 0.04291845494 0.3 1
0.3636363636 0 1 1 0 0 0.2205882353 0.2339449541 0.1829129855 0.1444141689 0.1319524357 0.2226738934 0.1459227468 0.1 1
0.7727272727 0 1 1 0 1 0.5 0.2597477064 0 0.05722070845 0.8043728423 0.09439927733 0.1716738197 0.2 1
0.7272727273 1 1 1 0.1666666667 0 0.6029411765 0.2052752294 0.1030551305 0.1226158038 0.08362102033 0.05149051491 0.08154506438 0.1 0
0.2727272727 0 0 1 0.1666666667 0 0.5735294118 0.1622706422 0.2105029367 0.136239782 0.08630609896 0.4783197832 0.07725321888 0.1 1
0.4545454545 0 0 1 0 0 0.5294117647 0.1571100917 0.3450471349 0.07629427793 0.1246643652 0.1770551039 0.04291845494 0.1 1
0.6363636364 0 1 1 0 0 0.4117647059 0.2620412844 0.2286659099 0.1389645777 0.2029152282 0.06639566396 0 0.4 0
0.3181818182 0 0 1 0.1666666667 0 0.8823529412 0.08199541284 0.1015744534 0.3242506812 0.1726121979 0.02077687444 0.1072961373 0 1
0.6363636364 0 0 0 0 0 0.3235294118 0.6181192661 0.1328660974 0.01634877384 0.2029152282 0.1336946703 0.008583690987 0.1 0
0.5 1 0 0 0.1666666667 0 0.3382352941 0.5797018349 0.2013720942 0.1771117166 0.1434599156 0.2637759711 0.08583690987 0.2 0
0.4545454545 0 0 1 0.3333333333 0 0.6470588235 0.3612385321 0.1293124722 0.08991825613 0.1423091676 0.1291779584 0.03862660944 0.2 1
0.7272727273 1 1 1 0.3333333333 0 0.4852941176 0.5154816514 0.02260500469 0.07356948229 0.2071346375 0.08762420958 0.02145922747 0.3 0
0.5 1 0 1 0 0 0.4411764706 0.3847477064 0.2104042249 0.05994550409 0.1802838512 0.02845528455 0.1158798283 0.5 0
0.4090909091 0 0 1 0.5 0 0.2205882353 0.1313073394 0.1916489808 0.1117166213 0.2186421174 0.1395663957 0.8369098712 0.5 0
0.4545454545 0 0 1 0 0 0.3382352941 0.04243119266 0.1917476926 0.1307901907 0.1062523974 0.1811201445 0.08154506438 0 0
0.3181818182 0 0 1 0.3333333333 0 0.3088235294 0.5487385321 0.02383890232 0.09809264305 0.3709244342 0.1856368564 0.1201716738 0.3 1
0.5454545455 0 1 0 0.1666666667 0 0.1911764706 0.8027522936 0.2042840926 0.1525885559 0.1120061373 0.2845528455 0.1502145923 0.3 0
0.3181818182 0 0 1 0.1666666667 0 0.5 0.08944954128 0.1994965698 0.1144414169 0.1944764097 0.2104787715 0.08154506438 0 1
0.5909090909 0 1 1 0.1666666667 0 0.9117647059 0.245412844 0.3602487538 0.08991825613 0.1561181435 0.3197831978 0.1072961373 0.1 1
0.09090909091 0 0 1 0 0 0.3676470588 0.2310779817 0.04057055427 0.3324250681 0.1960107403 0.3843721771 0.06008583691 0.1 0
0.5454545455 0 0 0 0.3333333333 0 0.2794117647 0.5361238532 0.1695375352 0.07084468665 0.1848868431 0.3536585366 0.03004291845 0.3 1
0.4090909091 0 0 1 0 0 0.6470588235 0.2276376147 0.142984058 0.07901907357 0.1568853088 0.1662149955 0.07939914163 0.2 0
0.5 0 0 1 0.1666666667 1 0.4411764706 0.2660550459 0.1657371304 0.2098092643 0.140774837 0.1242095754 0.04721030043 0.2 0
0.4545454545 0 0 1 0.3333333333 0 0.5735294118 0.2310779817 0.2624747051 0.1880108992 0.1434599156 0.1201445348 0.04291845494 0.7 1
0.2272727273 0 0 1 0.1666666667 0 0.5 0.4931192661 0.1411578895 0.1335149864 0.0636747219 0.1056910569 0.1502145923 0.2 1
0.2727272727 0 1 1 0 0 0.2941176471 0.3337155963 0.2080351414 0.09264305177 0.1649405447 0.06233062331 0.09871244635 0.1 1
0.5 0 1 1 0.5 0 0.3970588235 0.496559633 0.1602586249 0.1961852861 0.1576524741 0.1178861789 0.05150214592 0 0
0.3181818182 0 0 1 0 0 0.4411764706 0.1846330275 0.1227481368 0.2506811989 0.3022631377 0.2700993677 0.05150214592 0.1 1
0.4090909091 0 1 1 0.1666666667 0 0.5 0.496559633 0.1647500123 0.2179836512 0.08016877637 0.2032520325 0.04291845494 0.4 0
0.5 0 1 1 0 0 0.5441176471 0.3686926606 0.6791866147 0.1444141689 0.1074031454 0.1531165312 0.01287553648 0.1 1
0.3181818182 0 1 1 0.1666666667 0 0.3823529412 0.1146788991 0.2038398894 0.1907356948 0.1277330265 0.05465221319 0.2575107296 0.4 1
0.3181818182 0 0 1 0.1666666667 0 0.7058823529 0.06364678899 0.224964217 0.07629427793 0.5957038742 0.1386630533 0.09012875536 0.1 0
0.2727272727 0 1 1 0.3333333333 0 0.3382352941 0.1146788991 0.1792606485 0.1416893733 0.2443421557 0.09846431798 0.0643776824 0 1
0.1818181818 0 0 0 0.1666666667 0 0.6323529412 0.4099770642 0.1977691131 0.04632152589 0.02339854239 0.07091237579 0.1673819742 0.1 0
0.5909090909 0 0 1 0.3333333333 1 0.4558823529 0.5338302752 0.0671733873 0.1716621253 0.1891062524 0.05149051491 0.03862660944 0 1
0.5909090909 0 1 1 0.1666666667 1 0.2352941176 0.4650229358 0.1426879226 0.07629427793 0.1449942463 0.09078590786 0.09871244635 0.6 1
0.5909090909 0 0 1 0 0 0.4411764706 0.07683486239 0.2230886926 0.1634877384 0.1254315305 0.1332429991 0.1244635193 0.3 1
0.3181818182 0 0 1 0.1666666667 0 0.3088235294 0.5527522936 0.162331573 0.1716621253 0.0970464135 0.07497741644 0.04721030043 0 1
0.2727272727 0 0 0 0 0 0.3823529412 0.2345183486 0.1369132817 0.05994550409 0.1580360568 0.130532972 0.01716738197 0.3 1
0.3636363636 0 1 1 0 0 0.4411764706 0.3400229358 0.3336952766 0.2070844687 0.1131568853 0.07226738934 0.1030042918 0.3 1
0.2272727273 0 1 1 0 0 1 0.1846330275 0.1506342234 0.1280653951 0.1323360184 0.07407407407 0.1673819742 0 0
0.2727272727 0 1 1 0.1666666667 0 0.5441176471 0.3365825688 0.2098613099 0.2152588556 0.1630226314 0.125564589 0.0643776824 0.4 0
0.2727272727 0 0 1 0 0 0.4852941176 0.3434633028 0.1274863037 0.2915531335 0.1465285769 0.07226738934 0.0686695279 0.4 0
0.5 0 1 1 0 0 0.3970588235 0.1714449541 0.2023592123 0.1307901907 0.1246643652 0.2841011743 0.06008583691 0 1
0.4545454545 0 0 1 0.1666666667 0 0.5294117647 0.2310779817 0.2201766941 0.07901907357 0.2071346375 0.184733514 0.5407725322 0 1
0.4090909091 0 0 0 0 0 0.3676470588 0.7362385321 0.3739203396 0 0.2685078634 0.06865401987 0.03433476395 0.4 0
0.5909090909 0 1 0 0 0 0.3382352941 0.2809633028 0.4061497458 0.1525885559 0.1269658611 0.4272809395 0.1545064378 0.2 1
